{
 "cells": [
  {
   "cell_type": "markdown",
   "id": "8bcdceb0",
   "metadata": {},
   "source": [
    "## libraries"
   ]
  },
  {
   "cell_type": "code",
   "execution_count": 28,
   "id": "97e89382",
   "metadata": {},
   "outputs": [],
   "source": [
    "# python 3.13.3\n",
    "# libraries\n",
    "import numpy as np\n",
    "import pandas as pd\n",
    "import seaborn as sns\n",
    "import matplotlib.pyplot as plt\n",
    "import math\n",
    "from sklearn.pipeline import Pipeline\n",
    "from sklearn.preprocessing import StandardScaler,RobustScaler,LabelBinarizer\n",
    "from sklearn.model_selection import train_test_split,GridSearchCV,validation_curve\n",
    "from sklearn.svm import SVC\n",
    "from sklearn.ensemble import RandomForestClassifier\n",
    "from sklearn.metrics import roc_curve,auc,accuracy_score,confusion_matrix,precision_score,recall_score,f1_score"
   ]
  },
  {
   "cell_type": "markdown",
   "id": "eadf0836",
   "metadata": {},
   "source": [
    "## imports"
   ]
  },
  {
   "cell_type": "code",
   "execution_count": 29,
   "id": "8badfa46",
   "metadata": {},
   "outputs": [],
   "source": [
    "# importing the dataset\n",
    "df = pd.read_csv('./Dataset/fetal_health.csv')"
   ]
  },
  {
   "cell_type": "markdown",
   "id": "03f88b91",
   "metadata": {},
   "source": [
    "## data analysis"
   ]
  },
  {
   "cell_type": "code",
   "execution_count": 30,
   "id": "bce8b4f2",
   "metadata": {},
   "outputs": [
    {
     "name": "stdout",
     "output_type": "stream",
     "text": [
      "number of features: 21\n",
      "baseline value\n",
      "accelerations\n",
      "fetal_movement\n",
      "uterine_contractions\n",
      "light_decelerations\n",
      "severe_decelerations\n",
      "prolongued_decelerations\n",
      "abnormal_short_term_variability\n",
      "mean_value_of_short_term_variability\n",
      "percentage_of_time_with_abnormal_long_term_variability\n",
      "mean_value_of_long_term_variability\n",
      "histogram_width\n",
      "histogram_min\n",
      "histogram_max\n",
      "histogram_number_of_peaks\n",
      "histogram_number_of_zeroes\n",
      "histogram_mode\n",
      "histogram_mean\n",
      "histogram_median\n",
      "histogram_variance\n",
      "histogram_tendency\n",
      "target variable: fetal_health\n"
     ]
    }
   ],
   "source": [
    "# analyzing the dataset\n",
    "# analyzing the features\n",
    "columns = [*df.columns]\n",
    "columns_length = len(columns)\n",
    "print(f'number of features: {columns_length - 1}')\n",
    "for i in columns[:columns_length - 1]:\n",
    "    print(i)\n",
    "print(f'target variable: {columns[-1]}')"
   ]
  },
  {
   "cell_type": "markdown",
   "id": "5f569215",
   "metadata": {},
   "source": [
    "fetal_health is target variable with 3 values 1, 2, 3 and 21 featues"
   ]
  },
  {
   "cell_type": "code",
   "execution_count": 31,
   "id": "a7f7a1e9",
   "metadata": {},
   "outputs": [
    {
     "name": "stdout",
     "output_type": "stream",
     "text": [
      "number of features: 22\n",
      "number of data-points: 2126\n"
     ]
    }
   ],
   "source": [
    "# analyzing the dimensions of dataset\n",
    "print(f'number of features: {df.shape[1]}')\n",
    "print(f'number of data-points: {df.shape[0]}')"
   ]
  },
  {
   "cell_type": "code",
   "execution_count": 32,
   "id": "2e6d287a",
   "metadata": {},
   "outputs": [
    {
     "name": "stdout",
     "output_type": "stream",
     "text": [
      "baseline value                                            float64\n",
      "accelerations                                             float64\n",
      "fetal_movement                                            float64\n",
      "uterine_contractions                                      float64\n",
      "light_decelerations                                       float64\n",
      "severe_decelerations                                      float64\n",
      "prolongued_decelerations                                  float64\n",
      "abnormal_short_term_variability                           float64\n",
      "mean_value_of_short_term_variability                      float64\n",
      "percentage_of_time_with_abnormal_long_term_variability    float64\n",
      "mean_value_of_long_term_variability                       float64\n",
      "histogram_width                                           float64\n",
      "histogram_min                                             float64\n",
      "histogram_max                                             float64\n",
      "histogram_number_of_peaks                                 float64\n",
      "histogram_number_of_zeroes                                float64\n",
      "histogram_mode                                            float64\n",
      "histogram_mean                                            float64\n",
      "histogram_median                                          float64\n",
      "histogram_variance                                        float64\n",
      "histogram_tendency                                        float64\n",
      "fetal_health                                              float64\n",
      "dtype: object\n"
     ]
    }
   ],
   "source": [
    "# analyzing the type of the data given\n",
    "print(df.dtypes)"
   ]
  },
  {
   "cell_type": "markdown",
   "id": "03e467a0",
   "metadata": {},
   "source": [
    "all the data is numeric\n",
    "\n",
    "methods which can be used are: Logistic Reg., SVM, DT, RF, KNN, Naive Bayes, Gradient Boosting Machines (e.g., XGBoost, LightGBM, CatBoost)"
   ]
  },
  {
   "cell_type": "code",
   "execution_count": 33,
   "id": "bc4a9bff",
   "metadata": {},
   "outputs": [
    {
     "name": "stdout",
     "output_type": "stream",
     "text": [
      "       baseline value  accelerations  fetal_movement  uterine_contractions  \\\n",
      "count     2126.000000    2126.000000     2126.000000           2126.000000   \n",
      "mean       133.303857       0.003178        0.009481              0.004366   \n",
      "std          9.840844       0.003866        0.046666              0.002946   \n",
      "min        106.000000       0.000000        0.000000              0.000000   \n",
      "25%        126.000000       0.000000        0.000000              0.002000   \n",
      "50%        133.000000       0.002000        0.000000              0.004000   \n",
      "75%        140.000000       0.006000        0.003000              0.007000   \n",
      "max        160.000000       0.019000        0.481000              0.015000   \n",
      "\n",
      "       light_decelerations  severe_decelerations  prolongued_decelerations  \\\n",
      "count          2126.000000           2126.000000               2126.000000   \n",
      "mean              0.001889              0.000003                  0.000159   \n",
      "std               0.002960              0.000057                  0.000590   \n",
      "min               0.000000              0.000000                  0.000000   \n",
      "25%               0.000000              0.000000                  0.000000   \n",
      "50%               0.000000              0.000000                  0.000000   \n",
      "75%               0.003000              0.000000                  0.000000   \n",
      "max               0.015000              0.001000                  0.005000   \n",
      "\n",
      "       abnormal_short_term_variability  mean_value_of_short_term_variability  \\\n",
      "count                      2126.000000                           2126.000000   \n",
      "mean                         46.990122                              1.332785   \n",
      "std                          17.192814                              0.883241   \n",
      "min                          12.000000                              0.200000   \n",
      "25%                          32.000000                              0.700000   \n",
      "50%                          49.000000                              1.200000   \n",
      "75%                          61.000000                              1.700000   \n",
      "max                          87.000000                              7.000000   \n",
      "\n",
      "       percentage_of_time_with_abnormal_long_term_variability  ...  \\\n",
      "count                                         2126.00000       ...   \n",
      "mean                                             9.84666       ...   \n",
      "std                                             18.39688       ...   \n",
      "min                                              0.00000       ...   \n",
      "25%                                              0.00000       ...   \n",
      "50%                                              0.00000       ...   \n",
      "75%                                             11.00000       ...   \n",
      "max                                             91.00000       ...   \n",
      "\n",
      "       histogram_min  histogram_max  histogram_number_of_peaks  \\\n",
      "count    2126.000000    2126.000000                2126.000000   \n",
      "mean       93.579492     164.025400                   4.068203   \n",
      "std        29.560212      17.944183                   2.949386   \n",
      "min        50.000000     122.000000                   0.000000   \n",
      "25%        67.000000     152.000000                   2.000000   \n",
      "50%        93.000000     162.000000                   3.000000   \n",
      "75%       120.000000     174.000000                   6.000000   \n",
      "max       159.000000     238.000000                  18.000000   \n",
      "\n",
      "       histogram_number_of_zeroes  histogram_mode  histogram_mean  \\\n",
      "count                 2126.000000     2126.000000     2126.000000   \n",
      "mean                     0.323612      137.452023      134.610536   \n",
      "std                      0.706059       16.381289       15.593596   \n",
      "min                      0.000000       60.000000       73.000000   \n",
      "25%                      0.000000      129.000000      125.000000   \n",
      "50%                      0.000000      139.000000      136.000000   \n",
      "75%                      0.000000      148.000000      145.000000   \n",
      "max                     10.000000      187.000000      182.000000   \n",
      "\n",
      "       histogram_median  histogram_variance  histogram_tendency  fetal_health  \n",
      "count       2126.000000         2126.000000         2126.000000   2126.000000  \n",
      "mean         138.090310           18.808090            0.320320      1.304327  \n",
      "std           14.466589           28.977636            0.610829      0.614377  \n",
      "min           77.000000            0.000000           -1.000000      1.000000  \n",
      "25%          129.000000            2.000000            0.000000      1.000000  \n",
      "50%          139.000000            7.000000            0.000000      1.000000  \n",
      "75%          148.000000           24.000000            1.000000      1.000000  \n",
      "max          186.000000          269.000000            1.000000      3.000000  \n",
      "\n",
      "[8 rows x 22 columns]\n"
     ]
    }
   ],
   "source": [
    "# analyzing the data properties\n",
    "print(df.describe())"
   ]
  },
  {
   "cell_type": "code",
   "execution_count": 34,
   "id": "f2b0c511",
   "metadata": {},
   "outputs": [
    {
     "name": "stdout",
     "output_type": "stream",
     "text": [
      "['-----', ['basev', 'accel', 'fetmv', 'utcon', 'ltdcl', 'svdcl', 'prdec', 'abstv', 'mnstv', 'paltv', 'mnltv', 'hstwd', 'hsmn_', 'hsmx_', 'hsnpk', 'hsnzs', 'hsmde', 'hsmea', 'hsmed', 'hsvar', 'hstnd', 'fhlth']]\n",
      "['basev', '+1.00', '-0.08', '-0.03', '-0.15', '-0.16', '-0.05', '-0.10', '+0.31', '-0.28', '+0.29', '-0.03', '-0.15', '+0.36', '+0.28', '-0.11', '-0.00', '+0.71', '+0.72', '+0.79', '-0.13', '+0.29', '+0.15']\n",
      "['accel', '-0.08', '+1.00', '+0.05', '+0.09', '-0.11', '-0.04', '-0.13', '-0.28', '+0.21', '-0.37', '-0.14', '+0.30', '-0.15', '+0.39', '+0.19', '-0.01', '+0.24', '+0.27', '+0.27', '+0.13', '+0.03', '-0.36']\n",
      "['fetmv', '-0.03', '+0.05', '+1.00', '-0.07', '+0.05', '-0.01', '+0.27', '-0.10', '+0.12', '-0.07', '+0.01', '+0.16', '-0.15', '+0.10', '+0.16', '-0.02', '-0.06', '-0.09', '-0.07', '+0.18', '-0.00', '+0.09']\n",
      "['utcon', '-0.15', '+0.09', '-0.07', '+1.00', '+0.29', '+0.01', '+0.08', '-0.23', '+0.29', '-0.31', '-0.07', '+0.14', '-0.11', '+0.12', '+0.08', '+0.06', '-0.10', '-0.19', '-0.14', '+0.24', '-0.07', '-0.20']\n",
      "['ltdcl', '-0.16', '-0.11', '+0.05', '+0.29', '+1.00', '+0.11', '+0.23', '-0.12', '+0.56', '-0.27', '-0.24', '+0.52', '-0.55', '+0.22', '+0.40', '+0.24', '-0.35', '-0.53', '-0.39', '+0.56', '+0.00', '+0.06']\n",
      "['svdcl', '-0.05', '-0.04', '-0.01', '+0.01', '+0.11', '+1.00', '+0.01', '+0.03', '+0.03', '-0.03', '-0.04', '+0.04', '-0.07', '-0.02', '+0.01', '+0.04', '-0.22', '-0.16', '-0.16', '+0.14', '-0.07', '+0.13']\n",
      "['prdec', '-0.10', '-0.13', '+0.27', '+0.08', '+0.23', '+0.01', '+1.00', '+0.05', '+0.27', '-0.14', '-0.23', '+0.27', '-0.28', '+0.12', '+0.22', '+0.06', '-0.44', '-0.49', '-0.44', '+0.50', '-0.22', '+0.48']\n",
      "['abstv', '+0.31', '-0.28', '-0.10', '-0.23', '-0.12', '+0.03', '+0.05', '+1.00', '-0.43', '+0.46', '-0.32', '-0.26', '+0.28', '-0.11', '-0.17', '-0.15', '+0.06', '+0.07', '+0.12', '-0.15', '-0.01', '+0.47']\n",
      "['mnstv', '-0.28', '+0.21', '+0.12', '+0.29', '+0.56', '+0.03', '+0.27', '-0.43', '+1.00', '-0.47', '+0.07', '+0.66', '-0.62', '+0.41', '+0.50', '+0.27', '-0.31', '-0.45', '-0.34', '+0.56', '-0.07', '-0.10']\n",
      "['paltv', '+0.29', '-0.37', '-0.07', '-0.31', '-0.27', '-0.03', '-0.14', '+0.46', '-0.47', '+1.00', '-0.17', '-0.45', '+0.42', '-0.28', '-0.28', '-0.12', '+0.17', '+0.22', '+0.19', '-0.28', '+0.04', '+0.43']\n",
      "['mnltv', '-0.03', '-0.14', '+0.01', '-0.07', '-0.24', '-0.04', '-0.23', '-0.32', '+0.07', '-0.17', '+1.00', '+0.11', '-0.14', '+0.00', '+0.06', '+0.12', '+0.07', '+0.14', '+0.06', '-0.16', '+0.15', '-0.23']\n",
      "['hstwd', '-0.15', '+0.30', '+0.16', '+0.14', '+0.52', '+0.04', '+0.27', '-0.26', '+0.66', '-0.45', '+0.11', '+1.00', '-0.90', '+0.69', '+0.75', '+0.32', '-0.16', '-0.28', '-0.17', '+0.62', '+0.12', '-0.07']\n",
      "['hsmn_', '+0.36', '-0.15', '-0.15', '-0.11', '-0.55', '-0.07', '-0.28', '+0.28', '-0.62', '+0.42', '-0.14', '-0.90', '+1.00', '-0.30', '-0.67', '-0.31', '+0.35', '+0.49', '+0.40', '-0.55', '-0.24', '+0.06']\n",
      "['hsmx_', '+0.28', '+0.39', '+0.10', '+0.12', '+0.22', '-0.02', '+0.12', '-0.11', '+0.41', '-0.28', '+0.00', '+0.69', '-0.30', '+1.00', '+0.52', '+0.18', '+0.24', '+0.19', '+0.29', '+0.44', '-0.14', '-0.05']\n",
      "['hsnpk', '-0.11', '+0.19', '+0.16', '+0.08', '+0.40', '+0.01', '+0.22', '-0.17', '+0.50', '-0.28', '+0.06', '+0.75', '-0.67', '+0.52', '+1.00', '+0.29', '-0.10', '-0.22', '-0.12', '+0.45', '+0.11', '-0.02']\n",
      "['hsnzs', '-0.00', '-0.01', '-0.02', '+0.06', '+0.24', '+0.04', '+0.06', '-0.15', '+0.27', '-0.12', '+0.12', '+0.32', '-0.31', '+0.18', '+0.29', '+1.00', '-0.06', '-0.08', '-0.05', '+0.20', '+0.08', '-0.02']\n",
      "['hsmde', '+0.71', '+0.24', '-0.06', '-0.10', '-0.35', '-0.22', '-0.44', '+0.06', '-0.31', '+0.17', '+0.07', '-0.16', '+0.35', '+0.24', '-0.10', '-0.06', '+1.00', '+0.89', '+0.93', '-0.31', '+0.42', '-0.25']\n",
      "['hsmea', '+0.72', '+0.27', '-0.09', '-0.19', '-0.53', '-0.16', '-0.49', '+0.07', '-0.45', '+0.22', '+0.14', '-0.28', '+0.49', '+0.19', '-0.22', '-0.08', '+0.89', '+1.00', '+0.95', '-0.40', '+0.33', '-0.23']\n",
      "['hsmed', '+0.79', '+0.27', '-0.07', '-0.14', '-0.39', '-0.16', '-0.44', '+0.12', '-0.34', '+0.19', '+0.06', '-0.17', '+0.40', '+0.29', '-0.12', '-0.05', '+0.93', '+0.95', '+1.00', '-0.29', '+0.39', '-0.21']\n",
      "['hsvar', '-0.13', '+0.13', '+0.18', '+0.24', '+0.56', '+0.14', '+0.50', '-0.15', '+0.56', '-0.28', '-0.16', '+0.62', '-0.55', '+0.44', '+0.45', '+0.20', '-0.31', '-0.40', '-0.29', '+1.00', '-0.08', '+0.21']\n",
      "['hstnd', '+0.29', '+0.03', '-0.00', '-0.07', '+0.00', '-0.07', '-0.22', '-0.01', '-0.07', '+0.04', '+0.15', '+0.12', '-0.24', '-0.14', '+0.11', '+0.08', '+0.42', '+0.33', '+0.39', '-0.08', '+1.00', '-0.13']\n",
      "['fhlth', '+0.15', '-0.36', '+0.09', '-0.20', '+0.06', '+0.13', '+0.48', '+0.47', '-0.10', '+0.43', '-0.23', '-0.07', '+0.06', '-0.05', '-0.02', '-0.02', '-0.25', '-0.23', '-0.21', '+0.21', '-0.13', '+1.00']\n"
     ]
    }
   ],
   "source": [
    "# analyzing the relation between the data\n",
    "corr_values = df.corr()\n",
    "\n",
    "# for i in columns:\n",
    "#     print(corr_values[f'{i}'])\n",
    "\n",
    "# print(corr_values[f'{i}'][f'{j}'])\n",
    "# print(columns)\n",
    "short_codes = [\n",
    "    'basev',  # baseline value\n",
    "    'accel',  # accelerations\n",
    "    'fetmv',  # fetal_movement\n",
    "    'utcon',  # uterine_contractions\n",
    "    'ltdcl',  # light_decelerations\n",
    "    'svdcl',  # severe_decelerations\n",
    "    'prdec',  # prolongued_decelerations\n",
    "    'abstv',  # abnormal_short_term_variability\n",
    "    'mnstv',  # mean_value_of_short_term_variability\n",
    "    'paltv',  # percentage_of_time_with_abnormal_long_term_variability\n",
    "    'mnltv',  # mean_value_of_long_term_variability\n",
    "    'hstwd',  # histogram_width\n",
    "    'hsmn_',   # histogram_min\n",
    "    'hsmx_',   # histogram_max\n",
    "    'hsnpk',  # histogram_number_of_peaks\n",
    "    'hsnzs',  # histogram_number_of_zeroes\n",
    "    'hsmde',  # histogram_mode\n",
    "    'hsmea',  # histogram_mean\n",
    "    'hsmed',  # histogram_median\n",
    "    'hsvar',  # histogram_variance\n",
    "    'hstnd',  # histogram_tendency\n",
    "    'fhlth'   # fetal_health\n",
    "]\n",
    "corr_matrix = [[0 for i in range(columns_length)] for j in range(columns_length)]\n",
    "for i, ival in enumerate(columns):\n",
    "    for j, jval in enumerate(columns):\n",
    "        if float(corr_values[ival][jval]) > 0:\n",
    "            corr_matrix[i][j] = f'+{float(corr_values[ival][jval]):.2f}'\n",
    "        else:\n",
    "            corr_matrix[i][j] = f'{float(corr_values[ival][jval]):.2f}'\n",
    "# print(['-----------------------------------------------------',columns])\n",
    "print(['-----',short_codes])\n",
    "for i in range(columns_length):\n",
    "    corr_matrix[i].insert(0, short_codes[i])\n",
    "for i in range(len(corr_matrix)):\n",
    "    print(corr_matrix[i])\n"
   ]
  },
  {
   "cell_type": "markdown",
   "id": "30112a87",
   "metadata": {},
   "source": [
    "## dry run quick code to check what is required in pre processing"
   ]
  },
  {
   "cell_type": "code",
   "execution_count": 35,
   "id": "2df295b9",
   "metadata": {},
   "outputs": [
    {
     "name": "stdout",
     "output_type": "stream",
     "text": [
      "Model Evaluation:\n",
      "Accuracy: 0.8824\n",
      "\n",
      "Classification Report:\n",
      "              precision    recall  f1-score   support\n",
      "\n",
      "         1.0       0.94      0.94      0.94       496\n",
      "         2.0       0.68      0.62      0.65       101\n",
      "         3.0       0.65      0.83      0.73        41\n",
      "\n",
      "    accuracy                           0.88       638\n",
      "   macro avg       0.76      0.80      0.78       638\n",
      "weighted avg       0.88      0.88      0.88       638\n",
      "\n",
      "\n",
      "Confusion Matrix:\n",
      "[[466  25   5]\n",
      " [ 25  63  13]\n",
      " [  3   4  34]]\n",
      "\n",
      "Predicted Probabilities (first 5):\n",
      "[2.83323342e-02 7.83955603e-03 2.80362217e-02 1.13640352e-05\n",
      " 2.74646634e-02]\n"
     ]
    }
   ],
   "source": [
    "import pandas as pd\n",
    "from sklearn.model_selection import train_test_split\n",
    "from sklearn.linear_model import LogisticRegression\n",
    "from sklearn.metrics import accuracy_score, classification_report, confusion_matrix\n",
    "from sklearn.preprocessing import StandardScaler\n",
    "\n",
    "X = df.drop(columns=['fetal_health'])\n",
    "y = df['fetal_health']\n",
    "\n",
    "X_train, X_test, y_train, y_test = train_test_split(X, y, test_size=0.3, random_state=42)\n",
    "\n",
    "scaler = StandardScaler()\n",
    "X_train_scaled = scaler.fit_transform(X_train)\n",
    "X_test_scaled = scaler.transform(X_test)\n",
    "\n",
    "model = LogisticRegression(random_state=42\n",
    "                        #    , solver='liblinear'\n",
    "                           )\n",
    "model.fit(X_train_scaled, y_train)\n",
    "\n",
    "y_pred = model.predict(X_test_scaled)\n",
    "\n",
    "print(\"Model Evaluation:\")\n",
    "print(f\"Accuracy: {accuracy_score(y_test, y_pred):.4f}\")\n",
    "print(\"\\nClassification Report:\")\n",
    "print(classification_report(y_test, y_pred))\n",
    "print(\"\\nConfusion Matrix:\")\n",
    "print(confusion_matrix(y_test, y_pred))\n",
    "\n",
    "y_pred_proba = model.predict_proba(X_test_scaled)[:, 1]\n",
    "print(\"\\nPredicted Probabilities (first 5):\")\n",
    "print(y_pred_proba[:5])"
   ]
  },
  {
   "cell_type": "markdown",
   "id": "96ca87fb",
   "metadata": {},
   "source": [
    "# 20% 17%\n",
    "### 25+3 should have fallen under wither suspect or danger but it fallen under safe thus 20% would be unsafe and \n",
    "### 7 were mis identified in A and B but should have been in dager category out of 34+7 which means 17% would most likely be in certain danger\n",
    "\n",
    "Recall = 0.62 means 38% of “Suspect” fetuses are being missed\n",
    "\n",
    "Recall = 0.83 this is good, since most truly dangerous cases are being caught.\n",
    "\n",
    "But Precision = 0.65 meaning 35% of those predicted as “Pathological” are actually not (false alarms)."
   ]
  },
  {
   "cell_type": "code",
   "execution_count": 36,
   "id": "8b50ca7c",
   "metadata": {},
   "outputs": [
    {
     "name": "stderr",
     "output_type": "stream",
     "text": [
      "/home/hersch/Desktop/Code/pyenv/lib/python3.10/site-packages/sklearn/linear_model/_logistic.py:473: ConvergenceWarning: lbfgs failed to converge after 1000 iteration(s) (status=1):\n",
      "STOP: TOTAL NO. OF ITERATIONS REACHED LIMIT\n",
      "\n",
      "Increase the number of iterations to improve the convergence (max_iter=1000).\n",
      "You might also want to scale the data as shown in:\n",
      "    https://scikit-learn.org/stable/modules/preprocessing.html\n",
      "Please also refer to the documentation for alternative solver options:\n",
      "    https://scikit-learn.org/stable/modules/linear_model.html#logistic-regression\n",
      "  n_iter_i = _check_optimize_result(\n"
     ]
    },
    {
     "name": "stdout",
     "output_type": "stream",
     "text": [
      "The ROC_AUC score is: 0.9434756035951067\n",
      "The classification report for this model is: \n",
      "              precision    recall  f1-score   support\n",
      "\n",
      "         1.0       0.92      0.96      0.94       497\n",
      "         2.0       0.68      0.49      0.57        88\n",
      "         3.0       0.76      0.77      0.77        53\n",
      "\n",
      "    accuracy                           0.88       638\n",
      "   macro avg       0.79      0.74      0.76       638\n",
      "weighted avg       0.87      0.88      0.87       638\n",
      "\n"
     ]
    },
    {
     "data": {
